==================================================
TRAINING SUMMARY
==================================================

Best Results:
  Best Val IoU:      0.3670 (Epoch 25)
  Best Val Dice:     0.5322 (Epoch 25)
  Best Val Accuracy: 0.7101 (Epoch 20)
  Lowest Val Loss:   0.7841 (Epoch 25)
==================================================

Per-Epoch History:
----------------------------------------------------------------------------------------------------
Epoch    Train Loss   Val Loss     Train IoU    Val IoU      Train Dice   Val Dice     Train Acc    Val Acc      LR        
----------------------------------------------------------------------------------------------------
1        0.9362       0.8638       0.3656       0.3299       0.4851       0.4898       0.6790       0.6847       0.000150  
2        0.8661       0.8366       0.3683       0.3357       0.4880       0.4979       0.6844       0.6889       0.000300  
3        0.8436       0.8262       0.3766       0.3434       0.4975       0.5054       0.6930       0.6972       0.000300  
4        0.8330       0.8179       0.3832       0.3478       0.5040       0.5105       0.6929       0.6967       0.000299  
5        0.8288       0.8130       0.3856       0.3525       0.5082       0.5161       0.6937       0.6974       0.000294  
6        0.8213       0.8093       0.3852       0.3521       0.5078       0.5150       0.6944       0.6981       0.000288  
7        0.8175       0.8065       0.3908       0.3559       0.5129       0.5189       0.7008       0.7042       0.000278  
8        0.8154       0.8064       0.3867       0.3526       0.5073       0.5140       0.7001       0.7032       0.000266  
9        0.8120       0.8041       0.3920       0.3576       0.5147       0.5220       0.6969       0.7003       0.000252  
10       0.8066       0.8043       0.3864       0.3511       0.5107       0.5169       0.6856       0.6878       0.000237  
11       0.8062       0.7965       0.3922       0.3569       0.5161       0.5214       0.6997       0.7019       0.000219  
12       0.8034       0.8009       0.3901       0.3547       0.5143       0.5198       0.6928       0.6953       0.000200  
13       0.8006       0.7958       0.3953       0.3613       0.5181       0.5253       0.7041       0.7068       0.000181  
14       0.7980       0.7919       0.3957       0.3622       0.5191       0.5271       0.7010       0.7038       0.000160  
15       0.7978       0.7902       0.3970       0.3630       0.5207       0.5285       0.7007       0.7027       0.000140  
16       0.7950       0.7891       0.3985       0.3642       0.5226       0.5290       0.7045       0.7068       0.000119  
17       0.7944       0.7889       0.3983       0.3649       0.5226       0.5297       0.7048       0.7068       0.000100  
18       0.7920       0.7872       0.3982       0.3644       0.5220       0.5292       0.7050       0.7072       0.000081  
19       0.7919       0.7862       0.4008       0.3662       0.5247       0.5313       0.7063       0.7082       0.000063  
20       0.7902       0.7863       0.3991       0.3659       0.5228       0.5304       0.7079       0.7101       0.000048  
21       0.7900       0.7851       0.4008       0.3661       0.5245       0.5316       0.7052       0.7069       0.000034  
22       0.7883       0.7846       0.4021       0.3668       0.5260       0.5320       0.7060       0.7076       0.000022  
23       0.7876       0.7844       0.4015       0.3669       0.5255       0.5322       0.7065       0.7084       0.000012  
24       0.7876       0.7841       0.4009       0.3669       0.5252       0.5322       0.7061       0.7081       0.000006  
25       0.7880       0.7841       0.4016       0.3670       0.5257       0.5322       0.7066       0.7085       0.000001  

==================================================
Per-Class IoU at Best Epoch (25):
==================================================
  Background          : 0.4542
  Trees               : 0.3978
  Lush Bushes         : 0.3928
  Dry Grass           : 0.4350
  Dry Bushes          : 0.1874
  Ground Clutter      : 0.1217
  Logs                : 0.1165
  Rocks               : 0.1741
  Landscape           : 0.5039
  Sky                 : 0.9704
